eastcoast-topo2-subregion.grd
ncols		 300
nrows		 300
xllcorner		 -90.014706
yllcorner		 24.993270
cellsize		 0.033333
NODATA_value		 -9999.000000
[rows 160 to 191 of 300, columns 216 to 287 of 300]
24.3 28.8 27.4 28.8 28.0 23.5 22.4 24.5 27.3 30.0 37.3 30.7 22.4 34.2 46.1 47.4 39.7 33.8 36.5 36.3 35.8 45.2 39.2 32.3 38.5 41.5 43.5 38.2 32.6 31.0 21.8 16.2 18.5 20.5 21.1 11.6 9.5 14.0 14.5 14.2 12.2 13.0 15.2 14.5 12.6 9.6 5.2 2.2 -9999.0 -9999.0 -9999.0 -9999.0 -9999.0 -9999.0 -9999.0 -9999.0 -9999.0 -9999.0 -9999.0 -9999.0 -9999.0 -9999.0 -9999.0 -9999.0 -9999.0 -9999.0 -9999.0 -9999.0 -9999.0 -9999.0 -9999.0 -9999.0
19.4 18.8 24.6 27.9 25.8 24.3 24.0 25.6 27.5 25.2 26.6 27.3 24.0 24.1 21.5 24.8 30.5 35.8 40.3 41.4 41.7 41.8 36.1 40.8 46.4 37.2 28.4 24.8 22.0 20.2 15.9 14.1 16.3 17.1 18.8 17.5 15.8 17.2 18.2 17.7 14.1 10.6 12.2 13.2 11.7 9.1 5.8 3.8 0.8 -9999.0 -9999.0 -9999.0 -9999.0 -9999.0 -9999.0 -9999.0 -9999.0 -9999.0 -9999.0 -9999.0 -9999.0 -9999.0 -9999.0 -9999.0 -9999.0 -9999.0 -9999.0 -9999.0 -9999.0 -9999.0 -9999.0 -9999.0
14.1 15.2 20.4 24.5 23.8 20.0 19.4 23.1 25.4 25.3 22.5 19.1 20.1 21.3 19.9 17.6 23.7 27.3 38.0 40.4 38.9 40.4 35.9 31.9 32.5 32.9 30.3 25.5 18.9 13.2 12.1 12.8 11.6 6.8 10.4 15.4 14.3 13.8 16.6 17.6 15.2 13.9 14.3 15.2 13.6 11.5 8.8 6.5 4.4 -9999.0 -9999.0 -9999.0 -9999.0 -9999.0 -9999.0 -9999.0 -9999.0 -9999.0 -9999.0 -9999.0 -9999.0 -9999.0 -9999.0 -9999.0 -9999.0 -9999.0 -9999.0 -9999.0 -9999.0 -9999.0 -9999.0 -9999.0
16.9 13.7 17.3 25.7 24.4 19.4 19.2 20.7 22.3 24.5 21.7 16.3 23.9 33.1 28.3 22.0 19.7 23.6 35.4 31.5 28.3 28.2 31.1 36.7 36.7 35.5 32.3 25.1 17.1 11.6 12.5 14.6 13.1 13.3 21.0 25.4 20.7 14.0 12.2 12.5 13.5 15.8 16.8 17.1 16.4 15.4 13.3 11.1 9.0 2.9 -9999.0 -9999.0 -9999.0 -9999.0 -9999.0 -9999.0 -9999.0 -9999.0 -9999.0 -9999.0 -9999.0 -9999.0 -9999.0 -9999.0 -9999.0 -9999.0 -9999.0 -9999.0 -9999.0 -9999.0 -9999.0 -9999.0
17.2 14.9 15.0 14.8 16.2 21.4 24.1 24.1 26.9 28.5 22.4 19.6 22.6 25.7 27.9 33.0 30.9 25.3 29.4 24.5 18.3 21.5 29.9 35.0 31.9 29.1 21.7 12.3 12.4 8.7 6.9 9.1 8.4 9.9 18.8 25.5 23.8 11.3 6.7 10.8 13.9 15.6 15.4 15.1 14.5 15.1 15.5 14.2 10.6 6.0 -9999.0 -9999.0 -9999.0 -9999.0 -9999.0 -9999.0 -9999.0 -9999.0 -9999.0 -9999.0 -9999.0 -9999.0 -9999.0 -9999.0 -9999.0 -9999.0 -9999.0 -9999.0 -9999.0 -9999.0 -9999.0 -9999.0
9.0 13.2 18.4 17.0 21.5 24.9 25.9 27.2 24.9 23.8 23.9 31.3 30.3 23.6 41.2 54.1 53.9 37.8 20.7 19.0 22.6 27.8 28.5 27.7 27.6 25.1 13.4 25.3 37.8 24.9 14.8 10.6 7.9 7.4 11.0 16.0 17.3 13.8 6.9 4.3 8.3 11.9 13.0 13.7 14.4 14.7 14.9 14.5 13.4 9.9 2.5 -9999.0 -9999.0 -9999.0 -9999.0 -9999.0 -9999.0 -9999.0 -9999.0 -9999.0 -9999.0 -9999.0 -9999.0 -9999.0 -9999.0 -9999.0 -9999.0 -9999.0 -9999.0 -9999.0 -9999.0 -9999.0
9.7 11.4 15.1 18.9 22.6 21.0 21.6 25.2 25.6 21.7 19.7 29.7 33.6 34.3 42.9 45.8 40.4 32.9 24.2 20.7 20.8 18.4 18.7 31.1 33.1 24.5 23.2 32.0 40.0 33.7 24.3 16.5 10.2 5.7 6.9 11.8 13.7 15.1 15.2 6.9 6.0 9.9 11.7 13.0 13.0 13.2 12.6 11.2 9.5 6.8 2.9 -9999.0 -9999.0 -9999.0 -9999.0 -9999.0 -9999.0 -9999.0 -9999.0 -9999.0 -9999.0 -9999.0 -9999.0 -9999.0 -9999.0 -9999.0 -9999.0 -9999.0 -9999.0 -9999.0 -9999.0 -9999.0
10.8 16.7 24.9 24.2 27.2 26.8 26.0 26.1 28.7 26.4 21.1 27.2 27.0 39.6 49.4 46.4 39.4 32.6 28.4 27.1 25.0 22.3 28.0 27.3 24.4 24.7 25.9 35.0 43.3 41.9 28.9 19.8 21.3 19.2 12.2 12.9 16.1 16.8 18.9 10.4 3.9 5.3 6.3 7.8 9.4 11.8 12.7 12.1 10.2 7.9 4.1 0.4 -9999.0 -9999.0 -9999.0 -9999.0 -9999.0 -9999.0 -9999.0 -9999.0 -9999.0 -9999.0 -9999.0 -9999.0 -9999.0 -9999.0 -9999.0 -9999.0 -9999.0 -9999.0 -9999.0 -9999.0
17.3 23.3 22.9 20.6 27.1 27.6 22.7 25.1 27.6 30.2 23.7 14.1 19.0 31.8 42.4 37.1 39.7 39.0 25.3 20.3 21.9 17.6 15.8 20.5 21.3 20.4 20.5 26.2 34.9 33.8 23.8 20.5 23.3 23.6 10.7 7.7 11.6 13.9 18.4 14.3 5.9 5.4 8.7 10.3 10.6 10.3 10.4 10.8 12.0 11.8 8.1 4.5 -9999.0 -9999.0 -9999.0 -9999.0 -9999.0 -9999.0 -9999.0 -9999.0 -9999.0 -9999.0 -9999.0 -9999.0 -9999.0 -9999.0 -9999.0 -9999.0 -9999.0 -9999.0 -9999.0 -9999.0
14.9 12.9 13.9 13.9 15.6 20.1 24.4 28.5 27.2 25.9 19.4 15.4 19.5 30.4 35.6 31.4 34.6 42.2 35.6 25.3 19.0 14.5 18.2 21.4 21.2 22.4 20.7 20.9 31.7 37.8 20.8 12.2 15.3 15.7 7.6 1.0 1.0 5.5 12.0 14.4 11.8 7.9 7.0 8.3 10.1 10.8 11.6 11.8 11.5 10.9 9.4 4.5 -9999.0 -9999.0 -9999.0 -9999.0 -9999.0 -9999.0 -9999.0 -9999.0 -9999.0 -9999.0 -9999.0 -9999.0 -9999.0 -9999.0 -9999.0 -9999.0 -9999.0 -9999.0 -9999.0 -9999.0
9.2 7.2 9.2 12.3 16.6 18.9 24.0 24.8 25.5 24.7 20.6 18.8 20.5 24.1 27.0 35.8 41.2 39.3 36.4 27.5 23.6 22.0 17.4 17.6 21.7 24.0 23.5 23.9 30.7 37.6 37.0 28.6 21.3 20.3 12.0 2.8 1.0 1.0 6.4 12.7 13.7 10.6 6.1 5.2 7.1 8.9 9.9 11.7 11.2 8.9 7.2 4.1 1.5 -9999.0 -9999.0 -9999.0 -9999.0 -9999.0 -9999.0 -9999.0 -9999.0 -9999.0 -9999.0 -9999.0 -9999.0 -9999.0 -9999.0 -9999.0 -9999.0 -9999.0 -9999.0 -9999.0
5.6 4.5 11.1 9.6 12.5 21.7 22.1 26.0 28.7 19.0 14.1 17.2 27.0 23.6 20.5 33.8 31.6 25.1 25.1 28.6 31.4 26.0 21.9 23.5 26.6 26.8 26.8 25.7 25.7 31.6 35.2 34.8 26.9 22.9 22.4 9.6 1.0 1.0 3.3 7.9 12.9 13.9 7.6 7.4 11.5 12.2 12.0 12.4 11.7 9.4 6.9 5.1 2.9 -9999.0 -9999.0 -9999.0 -9999.0 -9999.0 -9999.0 -9999.0 -9999.0 -9999.0 -9999.0 -9999.0 -9999.0 -9999.0 -9999.0 -9999.0 -9999.0 -9999.0 -9999.0 -9999.0
9.4 9.6 9.6 7.9 14.0 22.2 20.4 23.8 25.0 22.5 21.7 17.7 22.8 21.6 24.9 42.6 35.5 22.3 16.9 23.1 23.4 20.6 18.8 16.7 25.3 30.4 29.6 28.9 28.2 38.0 45.8 42.1 34.1 27.8 22.2 9.5 1.4 1.0 4.0 12.4 18.4 19.4 16.0 13.5 13.7 13.7 14.6 15.8 15.1 11.6 9.3 9.9 7.0 2.4 -9999.0 -9999.0 -9999.0 -9999.0 -9999.0 -9999.0 -9999.0 -9999.0 -9999.0 -9999.0 -9999.0 -9999.0 -9999.0 -9999.0 -9999.0 -9999.0 -9999.0 -9999.0
4.0 5.2 8.2 9.2 11.3 21.9 26.0 22.6 25.1 27.7 22.4 16.4 22.4 26.8 17.3 18.0 22.3 19.5 14.5 18.0 19.5 14.4 13.1 18.7 26.4 30.9 30.1 27.3 23.4 29.1 38.5 37.2 27.6 21.7 19.5 11.4 4.3 2.8 5.9 11.6 15.4 16.3 15.0 14.5 15.8 15.9 16.3 16.2 15.1 13.4 10.8 9.4 7.3 3.2 -9999.0 -9999.0 -9999.0 -9999.0 -9999.0 -9999.0 -9999.0 -9999.0 -9999.0 -9999.0 -9999.0 -9999.0 -9999.0 -9999.0 -9999.0 -9999.0 -9999.0 -9999.0
1.1 1.0 5.4 8.4 17.2 29.2 28.9 25.5 33.3 32.7 24.2 25.9 28.5 31.8 26.1 22.4 22.9 18.7 16.5 17.3 28.9 27.0 23.4 23.3 25.4 31.0 31.0 29.8 26.7 31.4 40.7 41.4 32.6 23.2 17.0 13.2 12.2 10.6 10.0 12.7 13.9 12.8 10.8 10.5 13.2 14.4 14.9 13.5 12.7 14.0 13.2 11.1 9.4 5.0 1.4 -9999.0 -9999.0 -9999.0 -9999.0 -9999.0 -9999.0 -9999.0 -9999.0 -9999.0 -9999.0 -9999.0 -9999.0 -9999.0 -9999.0 -9999.0 -9999.0 -9999.0
-9999.0 -9999.0 1.5 9.3 13.7 20.3 29.5 26.4 28.5 34.1 31.1 26.5 29.0 30.1 26.7 22.8 19.9 21.1 25.5 37.9 43.7 30.4 21.2 24.9 26.6 26.7 28.4 32.3 28.3 23.6 32.3 39.5 38.8 32.2 27.2 23.9 19.7 15.1 12.7 13.0 12.3 10.8 9.2 11.8 18.6 18.6 15.8 15.4 15.4 15.9 14.9 12.6 9.8 5.5 2.0 0.0 -9999.0 -9999.0 -9999.0 -9999.0 -9999.0 -9999.0 -9999.0 -9999.0 -9999.0 -9999.0 -9999.0 -9999.0 -9999.0 -9999.0 -9999.0 -9999.0
-9999.0 -9999.0 1.7 10.8 14.7 21.9 30.9 31.0 24.7 24.1 26.9 22.0 17.8 19.6 25.9 23.8 21.5 20.6 28.8 38.9 36.2 24.9 17.0 17.8 21.2 23.1 24.0 27.1 27.9 30.7 37.1 35.8 32.6 28.2 23.7 23.0 22.4 20.5 17.6 15.2 14.3 11.3 10.0 19.3 31.8 29.7 22.9 18.9 17.6 18.2 17.8 15.8 12.3 9.6 5.6 3.5 0.1 -9999.0 -9999.0 -9999.0 -9999.0 -9999.0 -9999.0 -9999.0 -9999.0 -9999.0 -9999.0 -9999.0 -9999.0 -9999.0 -9999.0 -9999.0
0.3 0.4 -9999.0 4.5 15.4 24.4 26.5 23.1 26.0 24.9 23.0 17.2 13.8 17.1 20.7 18.9 19.1 23.1 26.5 24.7 18.5 19.3 23.5 23.4 28.8 30.7 25.7 24.3 24.7 24.3 27.8 33.3 33.1 33.8 31.3 25.0 20.8 19.7 17.6 16.6 16.3 8.6 8.8 24.3 33.1 29.3 23.6 20.3 19.9 21.3 21.0 17.9 14.4 12.8 11.6 6.8 0.8 -9999.0 -9999.0 -9999.0 -9999.0 -9999.0 -9999.0 -9999.0 -9999.0 -9999.0 -9999.0 -9999.0 -9999.0 -9999.0 -9999.0 -9999.0
-9999.0 -9999.0 0.2 2.4 6.9 18.7 20.6 19.1 23.5 17.7 13.1 16.3 15.2 17.3 17.7 15.2 18.6 23.3 24.2 21.1 21.5 24.5 28.7 29.1 31.0 28.1 26.1 32.2 27.8 22.0 27.1 34.1 34.1 41.0 39.4 33.0 31.3 23.1 15.2 18.3 21.1 16.0 12.3 20.5 28.4 28.3 25.6 21.7 20.5 21.0 20.2 17.0 13.9 13.1 11.7 7.1 2.9 0.0 -9999.0 -9999.0 -9999.0 -9999.0 -9999.0 -9999.0 -9999.0 -9999.0 -9999.0 -9999.0 -9999.0 -9999.0 -9999.0 -9999.0
-9999.0 0.2 3.5 3.7 2.6 8.6 12.9 11.0 25.4 37.2 31.4 23.7 14.9 17.8 16.2 11.0 11.7 18.2 18.7 14.0 12.8 17.8 27.8 28.4 23.9 20.8 21.4 29.4 30.7 27.4 29.5 33.5 30.9 33.5 29.9 26.0 30.5 29.5 23.4 20.9 23.5 21.9 16.1 16.0 21.2 25.6 25.1 20.7 16.8 16.0 14.9 12.5 9.8 9.2 8.9 5.0 1.8 1.2 -9999.0 -9999.0 -9999.0 -9999.0 -9999.0 -9999.0 -9999.0 -9999.0 -9999.0 -9999.0 -9999.0 -9999.0 -9999.0 -9999.0
-9999.0 -9999.0 -9999.0 -9999.0 1.3 5.2 8.2 14.5 29.0 33.3 30.0 24.6 17.6 13.5 12.9 14.3 14.1 16.8 18.6 19.6 21.2 21.7 25.7 29.5 27.0 25.5 35.4 32.8 24.8 17.7 15.7 18.7 19.9 24.9 26.7 20.5 17.6 23.7 22.4 14.4 13.5 15.9 12.2 7.1 12.0 15.0 18.2 18.7 13.9 12.8 13.2 12.9 10.0 8.0 7.3 5.9 4.7 3.3 0.6 -9999.0 -9999.0 -9999.0 -9999.0 -9999.0 -9999.0 -9999.0 -9999.0 -9999.0 -9999.0 -9999.0 -9999.0 -9999.0
-9999.0 -9999.0 -9999.0 -9999.0 -9999.0 2.6 3.8 7.6 23.8 31.8 28.2 27.5 24.3 16.1 12.0 12.9 13.0 13.1 21.5 22.0 18.9 20.8 23.4 26.9 22.3 18.2 21.9 26.5 27.3 19.2 18.1 18.1 15.0 16.8 23.5 23.0 16.7 14.9 14.4 15.6 15.7 16.5 13.9 7.7 14.9 16.2 17.7 18.9 16.9 14.2 12.0 11.8 11.3 10.2 9.6 10.9 10.7 9.6 5.6 -9999.0 -9999.0 -9999.0 -9999.0 -9999.0 -9999.0 -9999.0 -9999.0 -9999.0 -9999.0 -9999.0 -9999.0 -9999.0
-9999.0 -9999.0 -9999.0 -9999.0 -9999.0 0.3 2.6 3.8 18.0 28.4 22.1 21.0 22.9 16.7 12.2 12.0 13.3 14.6 17.0 20.4 20.5 20.8 25.4 24.3 16.6 16.4 20.5 22.7 16.0 12.3 14.4 18.0 17.6 17.8 25.5 27.6 19.7 15.4 14.2 13.3 12.4 13.1 9.4 6.3 12.3 18.6 25.4 18.9 9.5 10.4 10.7 8.9 10.0 10.9 11.8 14.0 14.1 12.2 6.5 6.3 -9999.0 -9999.0 -9999.0 -9999.0 -9999.0 -9999.0 -9999.0 -9999.0 -9999.0 -9999.0 -9999.0 -9999.0
-9999.0 -9999.0 -9999.0 -9999.0 -9999.0 -9999.0 0.3 2.9 12.3 20.2 24.9 33.9 28.4 17.2 13.2 12.0 12.0 12.9 13.8 16.5 15.7 16.7 20.1 21.5 19.1 21.8 28.1 24.2 14.2 13.1 16.9 28.6 24.9 20.2 29.7 39.6 39.1 32.5 19.9 13.1 10.4 11.4 10.3 6.8 11.7 10.0 14.8 14.4 7.8 7.5 7.9 6.6 7.4 8.7 10.1 12.7 13.9 12.1 9.7 4.5 -9999.0 -9999.0 -9999.0 -9999.0 -9999.0 -9999.0 -9999.0 -9999.0 -9999.0 -9999.0 -9999.0 -9999.0
-9999.0 -9999.0 -9999.0 -9999.0 -9999.0 -9999.0 -9999.0 1.9 16.7 19.9 23.1 33.6 28.9 20.9 15.9 12.9 12.3 12.0 12.9 12.9 12.2 12.3 16.5 20.9 18.6 18.8 20.9 15.7 12.1 15.1 18.9 16.2 13.6 22.3 38.5 43.9 29.9 26.2 18.9 9.2 12.7 12.5 9.0 7.1 6.8 4.9 3.0 4.2 6.9 9.3 7.1 5.9 8.0 7.7 8.5 9.6 10.1 7.7 5.1 3.4 1.5 0.0 -9999.0 -9999.0 -9999.0 -9999.0 -9999.0 -9999.0 -9999.0 -9999.0 -9999.0 -9999.0
-9999.0 -9999.0 -9999.0 -9999.0 -9999.0 -9999.0 0.7 2.4 17.4 27.0 27.3 30.7 23.3 21.5 21.0 15.9 13.3 12.1 12.0 13.0 12.8 13.7 16.9 21.1 19.0 19.7 20.3 17.5 18.8 16.6 13.4 14.9 16.7 23.2 26.0 29.7 27.6 28.4 25.5 17.7 13.6 11.9 12.9 13.3 11.4 7.7 5.8 6.0 5.8 8.1 7.0 6.1 7.2 8.6 11.7 12.1 12.1 9.7 5.4 5.0 3.1 4.1 -9999.0 -9999.0 -9999.0 -9999.0 -9999.0 -9999.0 -9999.0 -9999.0 -9999.0 -9999.0
-9999.0 -9999.0 -9999.0 -9999.0 -9999.0 -9999.0 0.7 2.0 15.4 19.9 20.3 32.4 30.5 28.4 22.9 14.8 13.6 12.5 12.0 12.6 13.7 14.8 18.1 24.9 21.9 23.6 27.3 19.5 14.6 13.8 13.0 21.5 21.1 14.4 15.0 17.1 31.1 39.9 29.5 16.9 14.1 9.6 10.6 17.9 18.4 17.1 16.4 10.8 6.5 7.0 10.3 9.8 5.1 6.9 12.0 12.8 12.0 10.2 6.7 2.7 1.0 1.0 -9999.0 -9999.0 -9999.0 -9999.0 -9999.0 -9999.0 -9999.0 -9999.0 -9999.0 -9999.0
-9999.0 -9999.0 -9999.0 -9999.0 -9999.0 -9999.0 0.6 1.9 16.7 22.6 21.4 27.3 32.9 32.6 23.7 16.0 13.9 12.8 12.1 12.9 18.7 20.8 22.1 27.2 29.1 26.6 23.9 21.3 22.4 19.8 15.9 17.7 22.3 20.7 21.3 28.1 30.0 28.9 27.8 19.8 9.2 5.6 11.6 15.5 13.3 14.1 11.8 7.2 4.7 7.5 16.5 11.7 4.1 9.3 12.1 11.3 10.7 11.0 10.0 4.4 1.0 1.0 1.0 -9999.0 -9999.0 -9999.0 -9999.0 -9999.0 -9999.0 -9999.0 -9999.0 -9999.0
-9999.0 -9999.0 -9999.0 -9999.0 -9999.0 -9999.0 0.3 2.0 12.6 25.3 24.2 24.8 30.1 29.8 21.8 16.6 14.4 13.4 13.5 15.0 19.4 26.5 31.6 29.5 29.5 34.6 32.5 24.7 29.5 34.8 30.5 22.4 20.5 23.5 24.8 22.3 27.7 28.7 35.9 32.8 20.4 11.3 15.9 22.2 16.3 9.4 6.4 6.4 7.5 10.9 15.5 12.9 9.2 9.2 8.2 6.6 6.0 6.7 10.2 6.0 1.2 1.4 1.3 1.6 -9999.0 -9999.0 -9999.0 -9999.0 -9999.0 -9999.0 -9999.0 -9999.0
-9999.0 -9999.0 -9999.0 -9999.0 -9999.0 -9999.0 1.1 3.8 10.8 22.0 33.2 29.5 27.1 28.4 24.5 21.9 18.3 17.0 18.0 18.6 19.6 22.5 26.2 28.2 29.3 28.6 29.2 29.6 35.3 44.7 40.2 36.9 28.5 22.8 24.1 21.6 20.0 26.0 41.4 39.9 37.5 25.6 16.8 24.6 21.5 19.7 20.1 19.2 18.4 16.1 15.8 14.4 12.9 7.8 6.0 7.4 6.2 7.5 13.2 7.7 1.8 2.9 2.7 2.4 1.7 -9999.0 -9999.0 -9999.0 -9999.0 -9999.0 -9999.0 -9999.0
-9999.0 -9999.0 -9999.0 -9999.0 -9999.0 -9999.0 0.7 4.7 13.3 27.9 37.2 33.8 30.1 29.9 25.4 19.7 18.5 18.9 20.6 20.1 19.6 23.6 28.0 31.6 33.4 33.4 28.6 24.3 26.7 27.0 29.3 33.9 32.1 23.4 17.6 17.0 17.9 30.1 39.3 39.4 31.1 23.9 24.3 24.0 22.4 22.7 21.1 18.0 18.5 21.7 22.6 23.0 18.1 10.4 6.9 6.2 7.7 9.0 10.2 5.8 1.5 1.8 2.6 3.0 2.8 0.7 -9999.0 -9999.0 -9999.0 -9999.0 -9999.0 -9999.0
-9999.0 -9999.0 -9999.0 -9999.0 -9999.0 -9999.0 0.7 4.3 13.5 27.7 36.5 34.7 27.8 26.1 27.1 29.4 25.3 21.0 21.6 19.2 19.4 24.3 27.6 28.5 31.3 32.8 31.0 32.0 30.1 26.6 27.3 23.4 38.7 39.0 22.3 17.6 17.0 25.2 25.9 23.0 24.6 23.1 25.5 22.8 22.3 22.5 20.4 21.2 24.3 23.6 24.3 30.3 26.3 15.1 6.8 3.7 7.8 10.3 9.8 10.9 4.6 -9999.0 -9999.0 0.1 2.7 4.4 1.3 -9999.0 -9999.0 -9999.0 -9999.0 -9999.0
