eastcoast-topo2-subregion.grd
ncols		 300
nrows		 300
xllcorner		 -90.014706
yllcorner		 24.993270
cellsize		 0.033333
NODATA_value		 -9999.000000
[rows 32 to 63 of 300, columns 0 to 71 of 300]
89.4 101.4 110.6 114.0 111.4 105.4 89.9 84.1 80.6 73.0 70.4 72.2 78.4 81.7 86.5 90.2 102.4 115.0 106.9 111.2 106.5 98.9 106.8 106.4 99.9 96.9 94.7 92.6 96.0 100.8 95.5 103.5 123.8 118.3 104.8 91.0 87.8 85.6 89.0 93.0 81.4 71.6 69.7 83.2 73.8 62.0 74.9 89.2 93.4 110.1 123.5 105.2 112.4 112.6 103.4 96.0 93.0 101.3 124.5 147.3 151.2 179.0 191.7 175.4 157.1 148.0 166.0 169.5 160.9 146.2 160.4 197.1
100.3 100.9 108.7 110.3 99.1 89.8 81.8 76.3 68.4 72.6 85.9 94.1 108.8 113.7 104.8 93.5 99.7 103.5 100.7 91.4 85.6 87.2 90.1 89.4 89.0 89.4 87.7 89.2 95.1 98.7 98.6 92.4 106.3 105.0 90.8 87.9 79.9 77.7 86.7 84.7 82.2 75.2 67.0 77.0 69.9 60.6 70.5 86.3 103.8 120.5 118.3 93.9 94.1 102.1 109.4 110.5 117.7 135.1 155.0 150.5 144.0 152.4 170.1 165.9 138.3 143.9 159.5 160.0 144.3 150.2 165.4 189.6
92.7 90.6 88.0 81.3 75.0 69.4 70.7 67.0 62.0 69.5 77.3 89.0 91.8 78.1 72.0 74.0 84.2 86.0 76.9 72.8 73.7 76.2 78.0 84.1 93.8 99.5 99.1 99.5 105.2 101.6 101.4 98.5 94.6 95.0 85.7 84.6 83.5 77.0 82.7 87.6 81.7 71.8 69.2 70.5 62.9 61.2 69.4 79.6 100.6 121.1 97.4 83.9 103.0 111.1 114.0 132.6 136.9 143.2 140.7 122.2 115.6 150.8 160.5 143.8 131.1 135.8 161.6 157.3 131.7 134.7 152.6 172.1
68.0 64.3 69.1 63.2 62.2 62.1 58.6 65.8 68.7 67.5 65.8 66.0 67.9 68.7 68.0 68.3 74.4 77.7 73.2 75.4 80.4 83.5 88.0 99.6 120.5 127.3 125.1 119.4 103.7 90.9 87.4 89.5 86.1 81.5 77.2 80.8 85.8 76.6 73.6 80.9 84.7 79.9 70.8 67.9 61.4 56.7 62.8 76.5 96.7 113.3 90.5 93.8 113.9 108.1 108.4 114.9 119.9 131.6 121.5 113.3 129.1 163.6 156.1 144.4 138.3 141.2 149.8 142.8 138.5 144.3 153.8 164.7
50.0 51.6 55.8 66.2 80.8 77.8 67.8 89.3 93.3 83.7 76.6 83.7 93.1 89.9 79.1 71.4 87.8 102.0 86.0 88.4 97.6 91.1 85.5 89.9 105.8 112.0 124.2 128.1 107.6 95.7 96.8 106.1 110.1 101.0 85.5 75.1 73.7 73.4 70.4 72.5 84.0 88.8 85.2 73.2 59.0 53.7 60.7 83.3 94.6 106.0 88.2 88.3 115.4 108.5 90.7 92.6 112.2 108.9 117.2 131.4 138.2 163.2 154.6 139.9 150.9 153.4 141.9 158.5 164.0 165.9 169.1 159.7
62.9 74.1 85.1 82.3 87.2 82.2 64.1 73.1 86.1 88.7 84.6 94.4 101.9 98.1 89.4 77.8 76.1 90.4 99.6 99.6 103.2 108.6 109.7 101.6 98.9 100.4 101.8 112.0 107.7 94.1 87.8 93.9 106.5 115.8 110.5 88.6 70.7 64.8 65.5 71.3 84.6 84.5 75.0 81.0 86.9 63.8 55.7 65.5 78.2 84.3 75.8 87.4 106.0 103.8 93.1 94.7 97.1 110.2 128.6 117.6 116.2 143.4 165.4 138.9 117.2 120.0 111.9 117.1 152.1 162.9 165.5 164.6
93.0 87.9 85.9 90.0 96.7 94.5 79.8 72.7 82.8 89.8 98.0 106.3 110.4 113.6 108.0 95.7 88.5 86.3 91.9 106.3 113.7 120.7 124.5 122.1 122.2 123.4 121.7 128.0 120.3 101.0 89.4 86.6 95.2 101.2 106.1 100.4 83.4 69.2 65.6 72.5 83.6 86.5 82.3 80.7 85.5 66.0 53.1 62.9 72.4 73.2 82.8 109.5 113.3 104.8 103.0 96.5 99.9 120.9 113.3 103.9 126.8 147.7 153.6 132.6 124.6 120.4 113.1 122.6 138.3 154.8 152.4 151.7
93.4 98.8 99.0 97.3 101.0 111.4 106.8 85.3 74.3 80.6 91.9 101.4 102.7 111.7 116.5 112.6 122.1 114.7 105.8 101.5 106.5 124.6 136.0 136.6 140.1 139.1 148.2 142.9 116.4 95.4 87.5 81.7 80.2 89.7 94.8 93.2 82.2 68.6 68.2 70.3 79.3 85.5 80.8 71.8 59.8 52.3 56.2 61.4 67.1 78.5 96.3 103.1 89.6 94.1 94.7 101.0 109.8 117.0 121.3 116.1 133.2 144.7 122.7 134.3 142.3 113.9 113.7 127.5 148.6 159.7 148.1 143.4
79.8 77.4 83.7 83.7 97.4 120.7 115.2 95.7 85.8 84.7 105.3 116.2 100.5 95.0 96.6 102.7 132.1 130.7 127.2 126.5 116.1 134.8 148.4 150.5 148.9 148.7 143.3 126.1 108.1 93.5 88.5 83.7 75.9 72.6 74.7 76.0 78.4 74.1 62.3 66.4 76.1 74.5 75.1 69.0 58.1 52.2 52.5 61.2 70.5 84.4 97.0 88.0 69.9 73.9 93.4 97.0 87.6 97.2 115.0 122.5 125.4 114.7 128.9 154.1 135.0 103.6 120.1 142.0 144.4 152.9 132.6 130.1
95.8 95.9 91.8 96.6 105.2 115.9 124.1 116.8 115.2 98.7 96.0 120.1 119.5 111.7 113.4 116.4 135.2 159.3 150.7 136.9 142.8 143.0 132.9 141.3 139.6 133.0 134.9 137.1 123.1 101.3 91.0 93.7 92.1 84.8 73.9 66.6 68.2 68.0 61.5 63.0 67.7 67.2 69.8 73.5 64.4 52.7 54.4 61.7 65.3 68.5 75.6 78.9 73.5 90.1 102.6 87.0 80.4 85.6 96.8 108.9 117.9 124.0 124.8 132.6 149.9 125.0 111.9 121.0 133.4 134.7 114.6 127.6
88.1 99.5 102.9 100.0 112.9 127.1 134.4 141.9 128.3 115.0 114.9 119.0 125.0 124.0 123.1 135.8 140.3 145.2 144.1 132.6 132.6 137.9 123.9 128.6 135.9 126.4 127.0 140.0 128.7 102.0 90.6 86.5 84.3 80.0 79.2 72.6 67.9 63.4 60.1 61.7 60.3 60.8 64.6 61.9 59.2 54.0 59.5 65.9 60.7 58.7 58.8 64.7 79.5 94.5 94.3 85.5 88.7 90.6 86.0 84.2 102.3 125.3 136.8 134.1 140.0 131.2 106.4 103.2 128.5 137.7 126.9 112.7
91.5 90.7 82.5 85.7 96.5 94.5 101.0 122.6 125.2 135.3 127.6 130.6 131.8 126.8 132.2 134.8 146.9 138.3 126.8 137.6 138.7 132.6 119.1 116.0 122.3 119.8 125.8 133.5 131.8 114.8 97.9 88.3 86.6 88.8 79.1 69.1 81.9 81.3 71.1 68.6 62.1 55.0 52.4 54.0 53.2 52.6 60.9 70.2 63.3 55.2 58.1 65.0 72.0 85.4 99.7 106.7 107.2 110.3 106.7 103.7 113.7 120.9 138.4 138.3 117.4 118.1 103.9 99.8 127.1 133.4 124.3 127.0
75.9 77.5 74.4 79.0 90.6 93.7 94.0 118.2 129.9 129.1 127.6 121.4 115.9 119.1 126.0 130.3 136.7 134.3 139.3 132.3 119.4 114.6 111.2 117.9 130.0 134.9 129.2 131.8 129.0 110.8 92.0 85.1 80.6 75.8 70.9 81.1 103.0 102.9 84.6 74.1 71.9 63.5 56.4 64.3 68.9 58.6 52.8 58.4 57.5 56.2 65.8 86.3 99.5 104.0 115.2 122.1 117.7 114.1 117.9 118.5 104.6 117.1 138.4 150.0 147.5 137.0 105.8 107.0 115.1 117.9 113.3 115.5
93.6 99.3 110.8 121.8 106.5 100.8 115.2 129.9 122.2 121.2 128.3 120.8 116.2 108.1 105.9 118.1 129.3 128.9 121.3 111.8 121.1 130.2 126.9 131.3 133.9 133.9 141.0 145.6 141.1 115.7 95.1 85.9 79.8 76.9 77.8 95.0 97.6 89.7 85.6 79.9 73.1 63.1 69.5 73.8 68.9 60.7 52.3 51.0 52.2 57.5 78.0 95.1 98.8 102.5 105.1 108.9 109.0 105.6 116.7 106.6 97.4 106.2 122.3 126.0 141.8 123.9 87.2 103.7 109.6 111.8 104.2 97.6
100.7 98.0 102.4 109.6 116.3 119.5 127.3 122.2 114.3 112.4 104.9 108.0 115.7 106.0 98.2 111.6 110.3 104.0 104.4 113.6 114.9 116.2 115.0 115.3 120.8 126.5 133.8 141.6 134.0 108.3 92.9 88.0 83.3 84.6 89.8 99.1 110.1 103.4 82.4 69.9 64.0 66.9 75.7 76.0 64.1 54.3 49.7 48.5 52.2 62.5 78.7 94.6 105.6 114.9 107.6 114.8 106.0 91.8 98.3 103.7 98.2 88.4 102.3 119.8 128.5 122.5 94.5 89.2 96.7 96.1 89.2 98.3
98.8 105.1 107.5 95.5 104.3 121.8 128.6 113.8 111.9 114.4 101.4 96.6 96.0 94.0 97.6 105.4 107.2 116.3 126.6 128.7 129.2 123.8 120.4 132.6 145.5 145.0 138.6 141.7 128.4 110.4 105.8 99.4 90.9 87.4 88.3 93.7 96.6 98.2 92.2 77.4 69.4 72.7 73.0 63.9 58.6 57.9 52.9 47.8 49.5 55.8 63.8 79.7 95.1 101.3 93.5 99.1 97.5 80.1 94.4 100.2 86.8 90.2 101.0 112.0 126.2 126.1 99.3 90.0 103.3 120.1 109.5 96.6
103.7 117.8 117.8 108.9 115.4 121.9 120.9 105.0 103.0 115.4 101.9 90.2 105.1 106.0 108.6 109.6 110.9 122.7 131.4 124.2 127.9 137.6 140.6 152.3 177.6 172.2 141.4 123.9 119.8 112.8 101.3 93.7 89.4 85.4 82.3 83.7 90.2 99.7 100.0 91.1 85.1 76.2 69.5 68.0 64.2 59.7 53.2 49.2 47.7 50.3 56.8 76.2 89.8 84.4 79.6 86.7 89.9 86.9 95.2 88.2 79.4 93.2 103.7 108.5 117.6 108.0 98.1 90.7 98.5 120.0 110.4 94.2
97.6 112.7 116.9 123.0 125.4 111.6 109.8 102.6 97.0 94.6 90.9 100.3 126.7 126.1 110.2 111.3 121.0 134.2 147.8 139.5 134.6 150.3 161.0 167.7 168.7 174.3 155.3 117.7 106.9 112.6 106.7 91.9 84.6 80.4 79.9 79.5 80.8 86.2 88.2 89.9 89.5 84.0 74.1 66.1 73.4 74.8 64.3 55.1 48.8 46.7 47.4 66.9 83.4 84.2 82.3 72.1 77.4 90.9 88.1 77.0 78.2 82.2 84.8 90.0 118.5 118.8 109.2 88.1 90.2 111.2 113.9 110.3
89.0 94.6 104.2 116.2 120.1 111.4 104.7 109.3 97.3 87.3 97.7 116.0 135.9 133.3 121.4 117.0 114.2 118.8 133.7 145.6 153.9 160.3 163.2 161.1 165.4 173.9 150.5 122.2 120.6 114.7 98.0 89.8 87.5 81.3 78.2 73.5 71.6 76.8 76.6 77.3 80.3 85.1 78.2 75.1 77.9 72.5 65.1 61.3 57.7 51.6 44.1 50.2 69.2 67.6 82.1 103.0 105.4 93.8 74.8 76.7 93.7 92.2 87.6 88.1 105.2 118.0 115.4 86.8 78.8 100.2 101.8 103.2
104.1 106.0 108.8 114.9 110.3 110.8 106.6 96.8 88.4 94.2 112.6 125.3 128.3 117.3 117.1 127.6 129.6 136.1 140.6 149.6 151.9 147.2 152.0 159.9 172.0 164.7 149.1 146.8 143.8 117.7 106.1 101.5 90.5 84.0 78.3 73.6 68.0 65.9 66.4 69.9 86.7 93.2 83.8 77.6 71.7 67.6 63.3 60.1 60.0 53.3 44.6 43.1 64.1 76.4 89.4 104.4 105.7 82.8 70.6 80.9 94.1 94.7 89.3 92.9 103.9 111.6 91.2 70.8 88.2 82.1 77.9 89.0
97.7 111.3 119.3 123.4 116.4 106.3 113.1 104.0 90.5 98.1 101.4 97.7 116.7 118.8 109.8 127.3 147.1 152.0 155.3 155.2 149.3 147.6 151.4 162.3 166.7 167.6 151.0 134.6 129.5 132.4 143.7 126.7 111.1 103.0 88.3 80.7 75.5 72.5 65.7 64.2 79.0 86.7 82.3 79.8 79.0 77.3 72.2 65.6 62.2 54.7 45.4 38.1 45.7 60.1 73.8 84.7 86.3 69.7 71.7 76.6 77.3 78.4 77.8 84.6 92.0 97.3 80.4 76.8 87.2 79.9 78.2 73.8
102.1 110.6 109.0 111.6 114.9 103.7 98.0 89.3 99.8 111.6 103.5 99.8 118.4 126.7 122.7 137.5 145.4 149.8 149.6 143.1 142.8 142.5 152.3 161.0 158.1 168.7 170.9 152.6 138.4 121.7 133.5 152.4 152.2 124.9 95.7 86.1 81.7 75.6 66.2 63.6 74.5 78.2 76.5 72.8 70.4 74.2 72.7 71.0 69.5 60.8 49.4 37.2 40.7 66.3 87.5 89.1 90.1 71.3 57.8 70.6 73.3 77.4 83.3 91.5 98.7 91.9 73.0 84.8 92.4 77.0 52.8 43.9
106.3 101.9 97.0 104.7 114.5 104.2 86.7 88.4 103.9 112.1 113.8 119.1 116.2 124.4 142.7 152.3 144.4 140.9 138.2 141.8 158.4 161.0 158.7 160.7 165.3 163.9 161.8 150.3 135.5 135.8 142.6 142.7 147.3 130.2 102.6 88.1 76.3 69.0 63.6 57.6 59.3 70.2 72.5 66.6 66.6 69.7 74.0 68.0 62.5 62.5 53.6 42.0 42.8 58.6 79.9 85.7 75.6 59.7 71.5 77.2 64.8 76.4 94.3 86.3 87.7 76.3 62.2 80.5 81.7 54.6 40.3 42.5
82.2 93.4 98.9 99.7 97.7 92.6 84.5 88.5 101.3 115.7 121.3 118.6 130.9 136.0 144.4 151.4 138.8 133.8 138.6 149.4 156.9 160.3 159.2 157.5 170.6 170.8 161.5 167.6 165.2 152.2 150.2 147.9 150.4 157.5 138.0 101.0 84.3 79.2 71.8 61.1 55.1 62.2 65.3 66.8 66.9 67.8 72.0 69.5 60.1 58.8 54.6 45.3 42.0 46.3 62.8 67.8 57.0 54.9 82.2 95.7 86.4 84.9 75.6 65.7 61.3 62.1 72.4 86.0 92.3 67.7 43.4 40.7
82.0 92.0 109.3 106.4 97.6 87.7 83.0 88.4 107.2 114.4 105.2 111.4 143.9 146.0 134.1 140.3 141.1 153.7 167.3 171.0 175.7 169.5 151.7 153.3 174.1 168.2 151.9 162.1 164.9 153.5 146.2 146.3 150.6 158.6 147.1 113.0 88.8 78.4 72.8 63.5 60.2 57.4 55.5 58.2 57.4 57.5 63.4 66.7 62.8 57.0 54.3 50.8 43.6 40.7 44.5 50.0 48.3 51.1 80.1 95.7 77.3 62.1 60.3 71.5 74.3 77.3 78.1 77.1 75.0 66.8 49.3 38.3
102.7 103.0 111.5 101.0 82.1 78.3 94.1 102.6 111.0 114.1 115.5 124.4 134.2 135.1 128.1 132.1 142.3 144.5 159.3 161.0 155.5 146.5 140.8 159.3 172.0 162.9 152.5 155.0 151.7 152.9 150.6 146.5 141.3 149.9 145.6 112.7 89.6 81.2 73.1 68.9 70.0 67.0 60.3 55.4 54.8 55.4 61.6 63.5 59.8 61.6 61.9 56.2 46.8 38.3 37.7 40.8 48.9 53.5 57.4 69.9 61.4 60.2 85.6 96.0 85.8 85.3 76.1 77.1 72.5 50.7 39.5 36.0
106.9 113.3 118.0 97.9 75.5 80.5 91.3 91.6 97.8 116.0 121.6 129.8 135.5 126.5 133.5 139.5 147.4 156.3 155.3 144.6 146.6 143.2 139.4 158.6 161.1 157.1 155.9 150.1 143.6 149.2 152.2 147.0 140.9 147.8 138.4 117.7 107.6 92.6 86.8 83.0 71.4 66.5 61.2 54.9 52.2 49.8 55.2 63.1 59.4 56.1 62.8 66.6 58.3 36.9 32.4 41.2 43.4 48.4 50.6 52.0 62.6 69.6 85.8 85.5 89.6 85.7 64.3 60.5 65.3 50.9 38.1 38.0
100.5 99.1 97.3 80.9 73.9 80.0 80.9 83.1 92.2 100.3 106.9 118.9 122.1 127.0 134.1 145.4 151.1 148.9 145.5 136.8 137.8 137.3 139.5 148.9 153.2 155.0 151.3 148.4 142.1 137.7 141.3 144.3 139.1 134.5 126.9 120.8 142.2 127.2 128.9 111.1 75.9 66.3 64.4 66.0 61.7 52.4 51.7 59.6 59.4 53.4 54.0 57.3 58.0 42.8 35.3 38.6 48.7 74.0 73.7 70.3 86.1 91.3 102.6 95.9 90.7 91.1 69.9 62.2 49.2 35.4 35.2 41.4
99.2 91.1 74.1 66.3 87.3 104.2 94.2 96.4 107.1 112.9 116.8 121.7 125.5 134.8 144.8 147.5 149.1 159.0 141.9 131.0 148.3 149.2 159.0 161.8 148.2 159.1 156.5 139.5 144.7 138.9 132.4 136.2 141.5 135.9 137.9 134.2 136.3 147.2 127.2 106.5 90.4 77.4 68.7 62.8 58.3 52.8 46.6 47.2 49.4 50.7 53.4 53.5 51.9 51.1 43.8 39.1 57.1 71.7 70.3 67.0 71.4 73.2 87.2 88.6 78.6 77.6 75.5 56.6 40.2 37.2 39.2 60.1
93.4 85.7 73.8 69.6 86.7 97.3 88.1 93.8 97.5 101.0 121.7 124.6 123.1 132.4 141.9 146.0 138.7 137.2 133.8 143.2 164.7 165.4 161.1 164.3 150.1 146.2 145.4 135.8 144.7 145.7 133.4 131.9 134.5 131.4 139.1 148.8 150.8 150.1 145.4 154.6 128.5 89.2 74.3 72.0 67.3 58.9 48.2 47.2 49.0 46.0 41.7 43.0 50.0 47.9 40.5 38.7 43.9 49.7 57.7 64.1 65.5 62.8 74.4 91.1 72.8 62.7 69.2 51.8 38.1 39.8 47.3 60.1
84.8 72.4 67.4 72.1 77.0 84.4 86.6 94.6 100.4 110.2 126.0 118.9 121.7 142.1 143.4 140.3 132.8 125.5 139.1 147.6 151.6 149.7 154.8 154.5 142.2 145.5 143.5 142.9 144.3 133.3 129.0 128.9 131.9 135.8 139.0 154.0 162.8 152.6 158.8 169.1 158.3 118.4 81.1 69.6 67.8 59.1 53.7 68.2 71.3 61.4 48.7 39.9 40.9 49.7 44.9 36.5 38.9 48.4 57.1 53.7 55.1 61.3 62.3 72.2 64.3 52.8 45.2 36.1 37.2 45.1 65.5 88.4
77.6 73.3 76.6 98.3 99.9 93.2 101.1 108.3 113.8 125.9 123.5 113.4 122.5 141.9 139.7 140.4 133.1 140.8 150.6 151.6 157.9 147.1 147.7 146.8 140.6 143.3 138.7 135.8 131.5 133.4 141.0 133.4 127.1 133.1 148.9 164.1 155.0 137.7 134.4 144.1 141.4 112.1 84.6 69.7 62.3 61.4 68.3 71.4 70.4 64.5 53.7 50.6 41.4 36.9 36.3 34.0 37.2 47.0 50.3 46.0 50.1 56.8 58.8 63.8 60.0 46.1 38.3 36.4 43.3 54.0 68.0 88.2
