eastcoast-topo2-subregion.grd
ncols		 300
nrows		 300
xllcorner		 -90.014706
yllcorner		 24.993270
cellsize		 0.033333
NODATA_value		 -9999.000000
[rows 96 to 127 of 300, columns 72 to 143 of 300]
124.0 80.1 49.1 43.7 32.9 52.8 81.8 82.6 66.6 64.3 68.0 65.6 70.4 79.6 98.1 110.2 115.4 127.6 124.4 111.2 97.2 94.5 103.0 115.9 117.6 112.0 110.0 116.7 111.1 102.3 106.5 110.9 103.8 98.5 103.2 118.0 118.9 109.9 120.1 125.1 114.3 108.2 122.5 129.2 124.6 117.1 118.1 128.6 140.6 147.9 148.6 148.6 145.6 143.2 126.3 130.0 123.0 110.7 124.2 142.7 150.4 151.0 143.1 131.6 123.2 140.3 149.5 134.6 139.9 125.4 101.7 95.0
104.9 79.8 43.1 29.2 34.4 49.6 68.2 74.7 57.2 48.0 51.8 59.1 78.9 82.9 84.3 101.7 131.3 149.9 134.2 118.6 114.1 112.4 110.8 107.4 103.1 106.6 104.4 107.1 112.8 103.8 102.6 103.0 100.2 99.5 103.5 107.8 107.8 100.9 106.3 109.1 108.2 118.6 129.3 125.3 115.2 109.2 125.5 135.3 128.2 125.0 134.5 138.2 125.9 127.2 132.7 121.6 112.0 102.9 114.8 130.6 139.7 147.6 142.6 134.5 125.8 137.6 134.3 118.3 131.4 137.6 115.7 100.0
79.2 67.7 55.6 48.9 76.7 104.4 111.5 90.7 62.0 60.5 63.3 62.6 68.6 82.8 92.1 125.9 162.5 155.1 140.5 123.7 105.1 101.2 99.0 97.3 96.1 102.7 96.9 95.9 101.7 98.0 105.8 103.8 95.5 109.8 123.4 113.6 108.6 108.1 104.9 97.5 110.8 119.3 118.6 118.9 104.5 103.9 110.4 112.8 112.4 120.0 118.1 105.8 117.7 134.9 129.9 110.2 95.2 98.3 123.8 140.1 133.3 120.9 118.5 120.2 132.4 146.6 137.0 111.4 108.0 131.9 142.6 123.5
51.7 30.6 50.2 78.1 84.1 93.1 90.5 58.7 57.1 81.3 74.1 64.1 71.7 83.8 97.7 131.1 151.2 148.3 137.5 121.0 108.0 103.5 102.0 98.6 92.4 93.4 91.0 99.8 96.3 88.8 94.0 88.1 100.1 116.1 119.7 110.6 95.8 92.9 90.8 94.4 111.5 114.9 102.7 97.7 97.8 105.0 111.4 114.0 116.3 123.7 113.9 110.3 124.4 130.1 116.1 103.6 91.6 106.2 135.3 145.1 136.1 126.5 120.4 119.6 118.5 135.0 135.4 109.2 100.1 125.4 133.5 133.4
55.7 45.4 53.2 61.0 51.5 59.6 74.6 65.7 59.4 80.4 107.1 121.8 127.2 129.9 137.9 141.5 142.9 135.4 124.8 113.7 96.7 90.3 84.2 86.2 88.3 89.7 84.5 87.2 90.2 99.3 98.8 92.3 103.5 110.9 102.9 97.8 95.0 90.8 91.9 111.5 115.2 112.1 100.9 93.8 111.7 116.8 108.5 103.7 106.1 116.6 105.0 112.1 126.4 127.0 112.5 101.1 99.6 115.6 130.6 127.1 120.4 110.2 103.4 115.9 113.4 127.1 122.8 102.3 101.4 115.3 137.4 122.6
57.4 38.7 32.1 34.4 28.1 27.8 58.7 75.8 87.8 103.9 96.1 108.4 120.7 121.7 126.4 125.6 130.7 141.8 118.5 95.5 88.6 87.3 82.7 84.0 79.9 82.3 81.7 82.0 85.0 92.2 92.0 100.1 106.9 106.0 109.5 103.4 97.6 112.0 118.3 104.1 103.7 99.0 93.3 97.0 116.7 114.0 106.3 107.3 115.3 112.3 101.4 115.3 109.9 108.1 110.0 92.8 99.5 123.7 120.0 106.0 101.0 103.9 101.1 98.2 110.5 125.1 123.0 100.9 106.0 134.9 136.5 120.7
37.2 44.7 28.5 18.9 29.9 41.5 84.6 107.0 90.5 83.7 74.5 98.6 126.7 129.8 123.4 111.4 116.2 125.8 125.7 104.0 80.1 70.6 79.7 87.3 81.8 80.2 88.5 93.7 97.6 93.0 89.3 104.4 99.7 94.3 93.8 91.7 98.6 103.4 103.7 97.5 95.5 93.2 111.7 122.4 114.8 103.3 91.9 108.9 110.9 90.9 96.2 115.6 99.8 88.2 99.5 105.2 119.4 139.4 120.7 106.5 103.7 112.5 108.4 95.8 115.3 127.4 111.6 99.6 112.6 130.0 121.8 105.0
27.0 25.2 24.1 35.0 65.3 83.3 71.9 74.8 95.1 84.9 79.5 96.4 114.2 123.4 113.1 104.1 106.4 108.6 113.4 112.4 107.8 98.1 84.7 71.5 99.2 114.1 116.1 107.4 84.6 86.3 121.9 120.4 94.5 85.0 88.0 113.9 120.2 103.8 90.1 85.5 110.0 127.8 136.0 123.1 115.6 104.5 87.3 98.6 106.1 98.0 111.7 109.4 88.9 98.1 122.8 127.8 123.9 132.9 123.2 101.8 98.0 101.0 105.6 92.0 108.7 119.5 106.8 112.6 110.9 116.6 116.1 100.3
41.9 46.4 71.3 98.6 107.9 114.0 117.5 102.9 113.9 112.3 92.6 100.6 105.9 108.4 117.9 117.1 110.8 105.7 106.0 103.1 113.0 114.8 99.6 86.5 92.5 105.7 113.2 109.1 84.5 91.8 127.5 132.6 93.3 81.3 106.4 119.3 110.5 96.0 83.9 100.0 117.3 128.3 136.2 116.0 100.8 100.4 96.9 81.8 96.6 121.7 113.3 91.4 87.4 118.5 132.1 111.4 100.0 99.7 124.3 121.2 94.3 92.1 95.4 88.0 106.2 124.4 110.6 95.2 108.2 113.9 103.2 88.1
45.3 39.7 62.0 77.6 97.6 107.6 117.2 123.9 127.8 106.2 87.7 99.9 101.8 97.1 110.4 110.7 94.3 86.0 86.6 91.9 103.1 109.9 106.0 98.5 91.2 93.9 96.3 97.6 95.7 108.7 120.7 110.8 91.2 101.5 116.8 96.4 85.1 100.0 99.6 116.0 130.0 123.7 130.7 123.0 107.7 94.3 75.0 75.7 97.9 93.8 82.6 83.4 107.8 110.9 123.2 119.5 99.3 95.5 108.4 116.0 95.4 79.5 76.8 91.9 111.3 107.6 100.2 108.1 115.3 107.1 92.8 91.2
37.1 38.9 58.0 87.4 113.1 126.5 130.0 128.4 128.6 115.3 110.3 115.8 105.9 95.0 104.2 101.8 85.7 84.8 82.8 85.4 94.5 105.4 100.1 88.5 76.8 74.7 88.4 86.0 85.8 106.1 110.6 98.1 96.6 103.5 92.5 73.0 91.4 120.0 129.7 130.2 122.3 115.8 125.0 117.8 96.0 96.5 92.9 85.0 84.6 79.6 90.8 105.0 111.8 101.2 104.5 108.7 94.5 85.3 102.3 107.7 94.3 81.7 77.9 100.2 105.9 96.8 100.2 110.5 116.9 108.0 92.5 81.9
48.3 51.0 49.7 84.0 115.5 124.8 124.5 124.3 124.0 105.4 97.9 97.6 104.0 91.9 104.1 109.2 89.9 79.9 70.7 73.8 82.3 99.3 100.0 93.3 96.8 81.4 76.4 75.6 76.7 95.0 91.7 82.3 90.6 81.0 83.3 95.1 99.9 119.5 122.6 117.8 112.6 115.2 126.1 126.6 104.6 80.5 78.3 88.5 99.4 97.3 107.6 126.7 112.4 93.8 94.1 93.3 82.9 89.0 100.8 96.8 93.2 94.3 86.9 85.1 87.3 81.5 96.9 105.7 104.2 102.5 104.2 104.4
59.8 66.2 64.3 69.0 100.1 119.6 118.9 121.6 117.9 99.5 92.6 94.3 102.8 91.8 96.6 107.6 96.3 74.0 67.2 77.8 80.3 87.5 86.0 81.6 86.0 91.7 71.7 59.4 74.7 91.1 92.1 79.7 72.1 66.2 78.9 102.2 111.8 114.7 114.0 106.0 100.5 109.4 114.5 114.3 103.4 78.1 88.4 108.1 115.3 127.5 123.6 117.4 105.2 95.5 86.4 70.2 73.9 88.2 95.6 76.8 72.2 79.8 80.1 79.4 79.4 89.3 93.5 99.2 103.7 95.3 90.0 89.0
68.8 90.3 104.6 108.4 111.8 117.4 117.2 111.2 97.0 88.8 93.3 94.8 95.0 96.3 96.8 95.3 87.5 70.2 78.2 96.5 88.3 86.7 79.8 69.1 75.2 75.0 66.0 64.1 84.3 96.1 87.1 74.4 80.4 85.7 92.4 97.9 95.8 93.1 96.1 101.4 104.9 102.9 98.6 96.5 98.9 86.9 94.5 111.4 112.3 110.2 101.6 103.9 104.9 89.6 80.5 70.6 78.7 88.0 82.5 70.0 75.5 94.4 87.8 93.6 104.1 93.6 94.6 106.7 102.8 93.7 74.1 71.4
69.9 95.9 101.3 103.7 108.5 113.3 104.7 90.8 83.3 92.4 99.2 92.7 78.8 80.8 97.1 89.9 74.6 67.2 74.5 84.2 85.0 88.2 77.2 57.1 50.3 57.2 57.7 71.1 90.1 90.0 78.0 59.8 68.4 81.3 82.4 82.9 84.8 78.6 81.9 90.8 97.9 98.4 92.3 94.0 81.8 81.8 101.9 103.3 89.0 92.1 87.9 90.0 99.6 91.1 82.7 66.9 70.2 73.7 60.5 74.7 100.0 104.5 102.1 106.4 111.4 109.6 101.4 95.1 85.8 71.7 65.8 73.7
74.3 92.9 98.0 81.2 94.9 113.0 109.6 84.7 72.6 102.8 94.1 77.0 82.3 77.5 88.8 87.6 78.2 68.1 73.6 87.6 80.1 79.9 87.0 71.2 55.5 56.8 55.8 62.8 79.3 78.7 66.7 66.3 80.5 85.2 78.2 75.2 83.6 81.1 78.0 84.8 96.2 90.6 87.0 83.9 66.5 80.0 91.4 79.0 82.6 90.9 81.5 86.1 96.8 97.7 98.0 83.2 78.5 63.5 67.9 82.3 87.4 89.5 91.4 94.9 97.3 97.8 91.3 83.5 77.7 81.6 87.4 78.4
62.2 83.5 79.2 70.8 90.7 105.2 102.7 86.0 75.4 95.3 93.1 70.2 70.0 70.4 70.0 82.2 85.3 75.1 70.3 74.1 70.0 71.4 74.8 66.7 57.8 47.4 52.4 62.3 60.1 55.1 55.7 70.8 87.9 84.5 75.4 76.8 84.2 80.3 80.7 89.6 90.1 86.8 72.8 69.5 58.7 65.7 81.8 77.7 83.6 73.9 72.5 82.5 84.6 85.3 85.5 76.2 62.5 51.5 74.2 99.5 82.3 73.6 77.5 75.8 78.0 90.4 98.9 88.5 72.9 76.6 81.8 74.0
84.5 79.6 89.7 99.7 100.3 101.5 90.6 69.1 82.2 103.9 95.0 68.9 76.8 74.2 64.2 69.9 75.8 81.2 72.8 61.3 67.8 68.3 63.2 61.4 54.0 45.1 42.7 43.0 41.5 45.0 61.3 70.8 75.2 72.7 70.5 78.7 81.8 68.2 72.8 92.6 85.9 76.2 68.4 59.8 52.0 54.1 74.1 78.9 80.9 79.0 80.2 87.7 83.8 71.2 65.8 61.5 52.1 54.2 67.7 77.6 80.0 77.2 81.1 83.1 82.5 87.5 94.3 89.8 81.7 80.0 79.8 73.6
74.8 86.6 93.0 93.9 96.4 102.5 96.2 79.6 85.0 92.8 83.2 70.6 63.6 61.4 50.1 54.4 74.3 72.5 63.0 56.7 64.5 70.8 66.2 58.2 48.8 40.3 41.9 48.7 58.7 71.2 73.0 70.6 73.6 61.5 71.1 73.1 69.7 68.0 70.5 80.4 75.7 73.3 77.5 72.7 53.7 59.6 76.1 64.1 60.0 76.0 74.0 69.2 68.5 64.3 55.7 48.8 50.2 65.6 64.4 70.0 81.1 76.4 82.5 92.8 95.1 85.9 82.5 90.9 85.2 77.3 75.6 75.3
98.4 94.0 90.0 89.0 86.9 91.9 79.3 77.0 85.5 90.8 76.7 55.2 54.0 72.3 69.9 53.5 58.5 75.3 67.8 55.3 55.5 51.2 43.5 39.3 38.1 47.3 67.8 67.6 74.3 85.9 79.9 71.7 57.2 48.8 60.2 62.4 57.5 67.6 70.3 69.5 75.0 72.3 70.7 60.5 54.4 54.0 61.4 62.4 52.6 64.8 62.6 65.3 61.6 47.3 49.9 68.5 81.9 66.9 58.8 76.3 85.1 81.9 85.7 88.5 83.3 74.6 75.5 78.8 73.4 66.9 61.8 59.2
93.7 95.0 92.0 81.3 67.9 67.0 77.0 76.0 78.6 86.2 75.5 58.2 62.2 77.7 71.0 49.1 44.4 65.8 57.0 34.6 37.9 38.3 36.3 46.0 55.1 58.3 66.1 70.7 70.7 79.5 75.0 74.3 60.2 50.6 51.8 48.9 61.7 65.7 60.9 67.3 71.0 64.0 63.3 55.2 53.0 48.8 50.9 58.7 55.7 51.3 50.6 61.2 57.2 46.6 58.4 69.4 74.6 74.1 66.2 72.2 83.4 81.6 82.8 79.6 76.9 67.2 69.3 74.0 73.5 67.0 57.5 54.5
92.4 94.3 94.5 83.6 71.1 76.8 80.3 59.2 58.4 75.2 67.8 50.3 56.0 68.2 47.9 29.3 36.7 43.5 33.1 34.5 49.8 46.6 46.3 53.3 65.4 66.7 59.3 64.0 63.2 59.2 61.7 64.7 48.0 41.4 56.1 61.3 61.3 68.9 73.8 79.4 75.5 65.4 62.2 51.8 46.0 42.6 48.8 52.4 55.0 54.3 48.7 55.1 47.0 55.4 68.2 69.0 70.5 71.6 70.9 75.3 83.3 77.5 75.8 76.1 71.9 60.8 63.4 68.7 60.3 56.9 52.8 47.4
82.7 88.3 90.2 90.4 88.9 87.7 84.9 71.1 47.6 46.1 69.4 52.8 35.0 39.0 36.9 39.8 44.4 57.1 56.0 60.0 69.9 57.2 48.1 56.1 64.6 59.3 48.0 48.2 51.6 60.8 72.1 73.2 52.4 60.6 85.3 87.4 83.0 80.4 86.7 84.9 74.2 62.8 54.6 48.4 49.0 45.2 40.4 40.8 39.3 42.3 48.0 44.3 31.2 38.7 52.6 57.1 62.9 64.3 69.0 76.1 71.3 67.3 73.3 68.7 57.6 58.2 51.9 49.0 46.4 46.3 46.1 41.3
82.8 85.0 86.1 85.5 85.2 82.0 83.2 86.4 77.2 46.7 44.9 43.4 26.5 29.7 50.2 62.1 76.4 84.0 71.1 63.3 70.6 74.2 73.1 72.3 62.9 54.3 58.0 56.0 55.2 66.1 69.8 57.5 43.8 58.3 72.9 81.5 86.1 84.7 82.0 86.4 83.9 70.9 57.8 50.5 54.5 53.2 39.0 35.3 37.8 35.5 42.5 41.8 32.0 38.1 57.6 66.9 57.4 54.0 63.3 67.2 57.2 57.5 63.9 54.5 48.8 49.5 49.1 43.7 39.1 44.0 41.9 38.8
77.7 83.7 85.3 80.1 78.6 79.2 80.0 67.1 68.7 57.9 33.1 26.5 28.0 47.0 72.4 82.5 88.1 85.3 62.7 53.6 53.8 65.5 75.8 75.3 69.2 52.9 46.6 51.5 59.1 57.4 61.2 46.7 48.1 66.2 72.6 72.0 71.9 78.2 81.8 87.9 80.9 64.8 55.4 53.6 51.8 47.4 41.9 39.7 43.3 51.7 52.2 43.6 37.9 31.6 43.5 52.6 49.5 48.4 56.3 55.3 50.9 59.5 52.0 46.3 49.1 44.3 44.7 43.1 36.5 36.4 34.4 36.1
76.5 86.2 83.6 77.6 77.1 80.8 83.5 75.3 63.2 41.5 26.3 33.8 59.4 78.8 76.6 73.2 73.8 72.3 54.0 45.6 46.7 54.6 60.1 54.1 57.6 54.0 49.8 55.4 58.4 54.9 57.0 44.0 48.7 74.9 76.3 69.0 70.3 77.9 74.9 77.4 85.2 79.5 67.5 63.5 62.6 53.9 45.3 48.5 48.1 46.7 51.6 43.0 28.2 26.7 34.9 44.7 45.5 39.6 47.3 46.8 50.9 53.8 44.8 46.1 50.0 47.8 47.1 42.4 34.7 31.8 34.1 38.6
71.5 81.4 79.1 76.9 82.1 77.6 73.2 66.3 48.8 26.6 31.7 61.3 75.3 72.6 63.8 58.8 64.5 74.1 56.7 35.8 37.9 43.2 49.8 47.7 58.5 63.1 49.1 45.6 49.3 51.9 42.9 34.8 48.2 69.6 67.9 64.5 68.1 71.2 77.9 84.5 84.2 80.1 71.8 66.2 74.6 74.5 66.9 61.1 49.2 42.4 35.6 26.0 22.0 24.8 31.9 39.1 34.9 30.9 42.5 49.9 48.6 45.7 45.5 47.9 48.6 49.2 44.3 39.1 38.2 33.5 32.1 37.5
67.3 72.2 80.3 84.9 81.9 71.6 59.9 63.1 40.8 18.3 37.3 61.8 73.1 70.5 58.4 47.5 58.8 68.7 52.9 35.6 31.4 41.5 49.6 52.7 63.4 59.5 51.2 50.8 48.9 51.2 41.6 40.9 54.1 67.3 61.4 50.1 56.3 61.6 71.2 78.9 70.6 68.1 70.2 75.0 80.5 83.3 85.7 80.3 60.4 45.1 37.7 25.0 20.4 25.6 29.4 30.5 30.8 35.9 35.9 41.3 36.9 29.6 39.3 44.2 42.0 45.4 43.8 38.9 33.5 30.0 27.1 27.8
60.5 58.9 76.0 82.0 79.1 72.5 45.9 42.9 31.6 20.5 31.7 44.5 61.2 73.9 61.3 49.8 54.4 51.0 36.6 33.2 36.9 36.2 34.4 42.1 46.8 50.3 47.1 49.8 64.2 52.2 44.5 62.4 65.5 58.3 54.3 49.2 42.1 52.9 59.4 66.0 68.2 62.1 70.0 77.8 78.2 77.4 76.1 62.4 59.9 53.9 45.3 30.7 18.8 21.6 22.7 28.6 40.4 41.1 41.8 41.5 31.0 27.1 29.4 33.5 38.0 43.4 43.0 36.7 31.8 31.4 29.1 29.4
51.7 48.9 69.2 78.2 69.5 64.7 50.1 41.2 27.3 19.5 28.0 52.7 68.4 71.6 65.0 57.8 48.1 33.5 42.5 57.5 53.6 37.2 47.3 53.3 39.8 29.9 45.9 68.2 64.3 37.5 35.2 54.5 62.3 57.4 57.0 47.1 36.2 53.1 67.9 71.8 71.3 66.9 67.2 69.3 72.2 67.0 63.5 60.0 52.7 38.3 30.7 28.2 20.0 16.5 24.3 33.1 38.1 36.4 40.5 37.1 26.8 25.9 28.3 30.8 36.5 43.4 43.3 46.1 41.3 40.7 42.4 35.8
58.0 47.2 55.1 67.0 50.8 53.7 65.3 47.2 23.0 16.4 35.9 55.8 62.7 59.8 60.3 62.9 61.8 50.1 29.7 41.3 53.2 46.4 48.4 54.3 34.7 39.5 62.5 68.1 61.5 39.1 40.0 61.4 52.6 48.4 49.8 41.6 40.7 42.7 58.1 69.8 65.3 63.7 67.3 72.7 73.2 60.9 43.7 36.7 43.9 35.6 31.7 30.2 21.4 15.7 21.5 28.8 34.2 37.8 32.2 22.7 21.0 31.9 36.2 39.6 42.5 43.9 45.7 47.4 50.4 54.6 54.9 36.0
60.1 58.2 50.7 42.7 34.9 42.3 56.9 62.6 34.9 12.9 21.1 41.3 61.1 52.7 52.6 61.8 59.1 56.6 34.6 35.4 40.5 31.5 39.9 42.3 30.2 47.5 64.4 54.0 43.0 35.4 47.2 52.3 33.7 42.7 59.4 62.4 66.2 64.6 68.6 76.1 75.5 73.2 70.3 69.5 65.2 66.9 60.2 48.2 45.5 33.5 25.8 22.3 17.9 15.6 17.4 23.2 27.9 28.9 23.9 18.8 24.5 34.5 43.6 53.1 50.5 45.6 43.9 43.5 44.7 43.2 42.4 31.2
