eastcoast-topo2-subregion.grd
ncols		 300
nrows		 300
xllcorner		 -90.014706
yllcorner		 24.993270
cellsize		 0.033333
NODATA_value		 -9999.000000
[rows 96 to 127 of 300, columns 0 to 71 of 300]
126.0 134.1 150.9 149.0 144.2 148.8 144.2 144.8 152.3 136.4 125.2 132.9 131.4 122.5 117.0 100.1 89.8 83.0 93.6 101.4 89.8 93.7 99.7 91.6 78.2 87.0 84.9 73.4 77.4 75.7 79.0 97.1 110.9 106.6 95.2 103.3 110.0 107.5 89.7 62.8 82.4 106.9 87.8 67.7 62.5 64.2 80.8 93.6 97.3 83.3 67.1 59.2 44.9 35.0 31.4 22.3 20.1 36.7 54.3 54.3 46.5 42.7 59.8 73.8 68.2 64.8 91.8 121.6 110.8 104.4 123.4 134.5
128.8 129.0 129.2 134.2 150.1 153.4 137.4 142.8 151.1 135.3 113.4 103.4 109.1 121.3 123.8 113.6 93.5 74.6 75.4 90.0 84.1 88.7 89.7 88.6 81.3 81.3 80.3 75.6 80.8 75.3 75.6 89.7 96.7 98.4 105.2 104.7 94.4 86.1 83.9 66.1 63.3 93.3 100.3 79.9 64.5 78.2 99.4 114.1 120.1 89.7 64.7 61.5 55.3 60.4 61.1 46.4 24.3 30.4 49.4 33.7 48.9 69.2 58.2 67.9 85.2 95.4 101.2 112.4 102.9 104.1 134.0 126.2
126.7 109.2 118.9 142.9 152.9 153.3 149.0 144.3 137.0 136.2 129.9 102.1 99.4 115.6 121.1 111.4 105.8 89.7 72.7 83.3 84.0 91.7 96.2 83.8 79.1 82.8 75.8 80.9 83.8 70.7 74.1 85.4 87.5 87.7 90.4 93.9 100.7 97.0 89.6 69.1 66.8 84.3 97.5 94.0 69.3 83.4 100.2 106.7 113.6 95.7 74.5 65.7 62.9 62.3 51.1 41.3 37.3 25.8 33.1 40.0 56.8 69.0 63.8 79.0 94.3 102.3 128.8 141.4 135.4 94.9 94.3 102.3
119.0 122.2 143.5 149.2 139.2 137.9 142.7 138.2 132.5 137.6 130.1 106.3 90.2 92.7 104.8 106.5 98.6 92.6 80.5 72.8 73.2 75.9 99.1 93.1 70.6 71.8 68.9 69.1 70.0 64.8 66.9 74.1 80.8 86.8 88.0 91.0 102.0 101.8 82.5 62.1 55.3 64.8 78.5 81.9 68.3 82.5 101.6 98.1 95.9 81.0 59.3 62.3 58.7 40.6 38.4 40.6 33.8 19.3 12.7 38.5 67.8 64.0 62.0 66.1 78.3 103.6 130.0 135.9 106.8 80.7 92.4 87.3
101.2 122.6 140.2 139.3 119.5 112.1 128.0 124.4 121.3 120.6 106.3 101.9 99.8 90.5 98.9 109.5 105.3 94.1 96.0 81.9 65.2 72.8 79.4 81.3 74.3 64.8 68.4 68.6 65.6 63.3 67.1 79.3 82.9 73.0 68.6 82.8 93.0 89.7 80.5 77.8 63.2 48.9 62.8 77.4 61.5 64.9 77.5 74.3 73.2 61.6 48.6 47.4 43.0 30.9 26.8 34.9 39.3 25.5 13.2 26.9 40.8 54.2 64.4 60.5 69.8 101.4 119.2 119.7 91.5 100.2 110.5 72.0
93.6 110.7 133.2 129.8 108.0 103.1 118.7 116.5 109.7 108.3 97.8 96.3 102.7 104.1 91.6 110.8 132.1 121.9 110.3 85.8 64.1 75.9 75.8 70.6 64.7 61.3 68.0 62.7 57.6 67.0 83.0 85.1 86.8 78.2 67.6 76.9 89.2 78.6 76.6 83.1 75.0 58.3 54.4 67.5 62.0 65.0 72.1 65.0 65.9 60.5 46.9 40.1 30.9 28.4 41.3 42.4 29.0 17.4 10.0 23.0 30.8 33.5 66.0 97.8 92.7 89.4 110.3 113.7 82.3 92.9 84.6 57.5
94.4 103.2 116.0 106.0 99.6 106.3 116.7 125.7 112.5 93.4 97.6 93.4 96.6 106.0 88.3 88.2 103.9 122.5 116.5 93.4 71.2 85.0 86.4 68.6 64.3 68.3 72.6 62.1 62.7 72.7 81.0 80.3 80.2 80.9 72.6 78.0 88.1 79.4 68.1 65.4 70.3 74.7 61.5 47.9 40.9 53.1 59.9 66.4 71.8 63.4 49.1 55.9 53.1 44.8 46.9 44.2 32.5 25.4 20.9 13.9 17.8 36.7 58.4 95.2 102.0 86.8 82.6 75.9 80.1 87.5 64.8 40.8
96.0 105.4 99.5 97.3 99.8 121.8 132.2 130.3 129.4 108.2 92.6 85.7 84.5 94.4 95.1 87.1 85.8 96.9 97.8 90.5 71.5 78.0 95.3 86.0 64.6 74.4 80.3 62.5 55.5 64.6 74.0 72.4 72.7 75.8 69.0 75.0 89.9 88.3 77.0 63.2 56.4 63.5 67.7 51.7 41.8 56.3 70.3 81.2 75.0 60.8 51.7 55.5 56.0 54.2 52.3 46.1 34.3 33.8 43.5 35.4 23.3 48.5 65.8 93.7 90.8 64.3 61.4 55.1 58.6 68.8 45.6 23.0
79.4 98.0 89.7 87.7 103.5 121.6 129.8 131.3 122.9 105.8 94.9 89.3 81.4 80.8 88.5 90.8 80.2 83.7 97.3 100.5 76.4 61.9 79.2 89.0 71.0 64.5 74.8 70.1 56.6 62.1 70.1 65.5 63.4 65.2 66.2 72.1 86.1 87.4 77.6 68.4 54.0 52.9 62.5 50.5 35.9 49.4 76.9 80.3 75.0 65.7 61.9 65.4 59.8 47.4 44.3 39.1 33.5 33.8 34.4 40.1 39.1 38.3 40.8 46.0 42.0 54.2 81.7 85.8 87.4 73.4 56.7 39.5
69.0 78.2 93.3 97.6 100.0 105.4 109.0 121.7 129.5 125.5 111.5 93.9 82.0 74.3 74.3 80.1 82.1 73.9 80.6 94.0 75.9 60.0 77.3 85.3 72.8 65.7 72.2 77.9 61.4 56.8 60.6 66.9 67.1 58.2 64.5 72.7 72.7 81.3 85.4 71.0 62.4 57.0 55.0 43.7 38.1 56.1 78.0 78.0 72.2 71.3 73.7 68.3 48.3 36.0 35.9 36.7 27.9 29.8 29.4 24.5 34.2 40.3 25.3 35.7 61.7 73.6 82.7 90.5 84.0 86.5 88.3 70.6
55.9 66.2 81.2 89.2 86.2 97.0 95.0 94.9 108.6 116.9 123.3 112.4 96.4 88.0 80.1 77.2 69.7 62.6 67.6 78.2 69.4 55.2 71.9 80.2 67.9 67.6 67.7 78.0 75.4 57.0 61.1 70.0 64.7 62.8 65.1 69.0 76.3 86.7 90.2 77.0 76.2 72.8 68.1 50.7 39.6 65.2 87.3 79.8 74.3 78.6 90.3 75.7 49.2 40.3 37.7 29.3 30.6 38.5 32.3 18.0 15.4 19.3 12.4 36.8 52.4 65.8 87.0 73.0 62.5 72.5 60.4 46.5
58.0 54.5 59.3 77.5 96.2 101.5 89.5 91.7 115.3 128.2 117.2 110.3 113.5 102.5 87.7 87.1 81.8 73.5 59.5 65.2 74.6 58.2 63.7 85.1 84.6 63.0 55.5 57.4 60.2 49.8 59.1 73.9 62.5 60.7 62.4 66.6 69.5 82.2 86.8 81.4 79.7 62.6 52.3 39.6 37.5 70.0 84.9 73.4 78.7 77.7 81.2 72.3 52.9 45.2 49.8 46.5 42.8 43.0 31.5 19.7 16.4 14.5 10.8 34.0 69.7 82.8 64.1 43.3 37.5 37.4 36.2 35.6
85.0 57.7 53.2 61.6 85.2 93.5 84.3 86.1 99.4 102.9 99.5 99.2 108.1 115.6 108.7 94.8 81.6 71.2 62.8 55.3 54.4 50.4 56.1 75.7 85.5 76.8 55.7 61.3 64.6 48.5 55.9 61.8 51.7 58.2 57.8 61.7 77.6 81.2 78.4 74.3 67.2 62.0 52.0 37.9 40.1 54.8 68.1 69.9 68.3 67.1 66.4 58.2 45.8 46.0 48.6 41.7 31.8 33.3 29.2 15.7 14.0 16.4 14.2 14.6 46.9 58.6 46.0 34.7 17.6 26.8 43.0 49.7
112.4 76.1 50.1 49.2 65.2 92.3 105.9 103.1 102.6 96.3 94.9 100.6 101.1 105.0 109.0 108.9 106.2 95.4 78.7 62.6 53.1 45.6 49.4 66.0 77.6 77.4 55.7 56.6 59.3 45.9 60.6 67.9 52.3 52.8 52.4 55.8 69.5 74.9 79.8 69.3 61.4 71.8 66.2 41.0 34.7 50.7 68.5 67.7 64.8 72.5 71.0 65.2 63.4 57.1 44.2 36.6 32.2 26.4 35.3 26.1 12.5 12.6 12.4 19.4 36.1 44.5 30.7 17.7 18.2 34.9 52.2 55.5
114.2 96.5 69.7 46.8 49.8 66.8 84.2 95.9 93.3 88.1 84.0 85.5 107.0 107.0 102.3 97.2 93.9 110.9 95.1 75.8 68.2 52.3 39.7 43.1 61.6 69.2 55.3 44.3 55.0 50.2 52.8 63.7 50.3 47.6 49.2 53.4 63.5 73.6 74.1 62.4 63.1 60.6 54.3 38.3 32.2 48.6 69.0 72.2 67.7 66.5 61.7 55.8 55.6 50.1 37.0 33.4 35.3 29.0 24.1 19.1 14.2 13.2 13.7 13.2 13.3 15.1 10.9 10.3 16.2 29.9 47.2 58.6
127.9 125.4 106.9 63.3 42.0 57.3 80.3 91.8 83.7 71.8 72.4 81.6 102.4 114.6 108.2 98.5 87.2 101.2 105.7 108.3 94.0 66.3 46.9 39.3 49.8 53.7 53.7 48.1 50.9 45.2 44.1 55.1 47.5 42.4 49.1 66.4 63.8 64.7 70.5 64.2 55.7 44.7 50.7 40.2 29.8 40.7 63.8 75.3 59.9 55.0 54.8 53.8 54.9 49.2 43.2 38.5 31.3 28.8 24.3 16.6 14.8 12.8 11.6 12.4 13.6 13.9 13.9 17.1 25.2 39.3 53.9 68.5
111.3 107.6 100.0 70.8 44.6 44.2 58.6 74.7 72.3 74.5 84.8 88.4 98.5 106.8 95.6 87.0 89.5 88.9 86.0 101.0 105.7 87.3 59.2 44.4 47.0 44.3 38.5 35.0 37.1 36.7 33.6 44.2 44.4 44.0 41.5 50.7 56.7 53.8 56.4 54.8 45.0 40.0 52.3 42.9 30.3 43.8 66.3 79.0 69.5 59.5 57.3 57.5 56.0 39.6 30.7 32.8 41.6 46.1 27.8 13.0 12.6 10.5 10.4 12.0 11.6 10.1 10.1 15.0 34.0 53.8 46.3 46.8
110.0 98.0 96.0 90.7 60.7 42.2 50.5 61.8 70.0 88.9 101.7 89.6 96.4 99.6 96.4 107.2 108.5 88.3 73.8 83.3 95.6 90.0 75.2 76.0 80.9 62.5 41.1 37.4 36.8 33.8 29.0 28.9 30.9 45.0 39.7 43.0 57.9 60.2 62.8 68.2 60.0 50.5 56.2 49.6 35.0 41.5 66.0 69.2 63.9 61.7 51.9 57.2 58.5 43.6 38.8 32.9 26.7 23.0 20.1 19.1 16.6 15.9 12.6 11.8 11.4 12.0 12.8 18.5 39.0 63.2 57.9 69.1
104.2 109.4 107.5 86.1 57.6 40.6 42.3 51.5 58.8 75.9 85.3 77.1 85.8 92.3 89.2 98.8 102.3 102.3 94.1 81.7 74.1 88.7 90.7 90.9 85.7 73.8 70.5 67.9 61.4 57.8 52.4 45.3 36.3 25.1 24.2 39.3 46.2 54.1 57.0 54.0 51.4 46.9 50.1 44.0 30.5 48.1 72.6 77.6 60.9 45.9 48.9 56.6 55.6 56.4 61.7 57.4 40.5 38.8 49.8 34.3 18.9 16.3 13.1 10.3 11.0 15.5 20.2 26.0 38.5 46.3 55.7 67.4
112.8 102.9 88.3 71.0 58.8 44.9 38.8 44.1 56.2 61.7 65.4 77.1 92.0 104.1 102.5 96.7 101.0 106.7 96.9 92.2 74.7 70.9 81.0 87.7 76.7 71.6 81.0 73.4 72.4 71.2 67.2 64.2 57.5 36.7 21.3 27.7 43.0 49.5 49.2 49.0 42.2 48.3 52.4 36.9 29.0 47.7 73.9 73.8 55.6 44.9 48.2 70.2 75.9 83.0 74.6 63.8 50.7 47.6 41.6 22.2 21.4 19.3 12.4 11.8 13.3 18.2 33.2 44.7 43.2 65.0 81.5 88.9
112.7 111.0 107.5 91.3 78.1 56.2 36.7 39.4 67.5 76.2 90.8 106.0 103.8 99.6 102.2 100.6 94.4 90.6 80.9 83.5 78.9 64.5 71.3 76.9 65.5 57.7 61.4 58.6 65.0 62.5 60.6 68.7 67.7 57.0 39.4 24.7 23.6 26.9 40.6 46.9 41.0 42.4 36.5 25.6 35.6 51.8 72.1 82.0 59.8 47.7 56.2 64.9 75.7 74.5 58.6 55.1 50.0 58.5 50.9 23.0 13.8 10.0 7.6 8.8 13.5 22.5 29.8 52.0 57.6 58.1 74.4 87.2
97.2 97.6 99.1 90.9 83.5 60.1 36.4 33.6 57.6 73.8 73.5 78.7 104.6 113.2 102.9 92.3 90.4 85.9 82.7 87.9 88.2 78.4 72.6 75.0 62.4 55.1 54.7 51.8 69.2 66.8 61.6 66.5 63.5 60.1 53.3 36.0 20.6 20.3 36.5 45.9 33.5 26.2 25.4 27.1 43.3 64.3 77.0 74.1 51.9 45.1 64.7 83.4 81.3 79.1 60.7 37.2 26.1 25.5 21.9 13.0 12.0 10.9 9.3 9.9 27.0 41.0 43.6 55.1 55.5 52.5 69.5 87.0
89.7 90.5 91.0 96.7 84.1 59.6 40.3 30.3 39.3 57.1 68.6 75.3 94.9 107.0 107.7 102.3 98.7 100.0 95.5 82.4 67.2 60.3 68.7 63.5 51.2 51.0 47.9 47.5 61.2 55.2 58.1 65.4 60.4 55.9 50.4 40.2 26.1 17.0 31.7 40.3 24.7 20.2 33.9 52.7 75.2 76.9 78.5 68.1 43.2 43.4 66.9 76.1 66.1 70.9 68.8 62.8 43.9 29.4 31.2 18.9 8.2 8.3 8.4 9.7 27.8 40.0 46.7 51.2 63.9 78.3 71.4 71.1
80.9 81.9 93.2 102.8 91.7 60.4 39.5 29.7 38.9 52.1 66.4 81.7 97.1 104.7 102.8 98.4 87.5 84.6 85.9 86.6 81.1 78.0 81.7 75.9 66.4 69.4 69.6 63.4 52.1 41.2 50.3 52.7 57.7 58.9 46.5 42.7 32.6 16.3 22.8 25.2 22.4 39.7 57.0 79.7 88.6 81.4 70.5 56.4 40.5 38.2 57.3 73.6 69.8 56.7 60.4 58.2 66.7 69.0 45.6 15.6 6.2 9.2 8.3 9.7 26.5 45.7 58.6 66.3 76.4 80.9 73.1 78.0
76.0 59.1 67.2 79.8 74.1 52.5 37.6 32.4 42.1 56.5 71.1 77.4 80.6 95.1 89.0 88.9 92.4 79.1 71.8 75.0 79.0 81.8 81.5 79.0 69.4 62.0 51.5 44.8 47.7 45.8 41.2 52.6 71.1 62.4 47.7 47.1 36.0 18.1 14.5 22.1 36.2 52.8 71.9 85.7 76.3 70.0 58.0 37.3 35.2 48.2 66.7 66.8 56.1 62.4 58.3 49.7 68.5 76.1 41.9 11.2 7.6 10.2 9.1 9.6 22.5 40.4 60.3 81.7 79.7 69.6 62.9 67.9
82.1 65.2 55.4 52.8 59.1 48.9 34.7 29.0 32.7 48.9 65.7 75.6 77.9 92.4 90.4 81.1 93.0 94.3 82.5 72.9 69.4 69.7 66.1 76.3 84.9 79.1 71.8 63.9 73.1 69.7 40.9 43.6 66.7 70.9 57.5 45.0 30.3 15.4 19.2 36.3 50.9 50.9 63.6 80.4 82.6 70.3 51.5 37.6 44.0 66.7 75.9 69.7 58.2 42.4 29.3 43.5 56.3 56.6 33.7 12.0 9.9 9.6 9.1 9.5 25.9 43.0 64.1 84.0 77.6 62.0 58.7 66.1
90.8 95.3 93.7 68.4 48.5 40.0 32.7 27.4 40.3 64.7 67.2 63.5 70.1 89.4 96.5 88.7 92.7 102.5 103.5 88.4 67.1 67.0 62.4 63.4 74.0 84.7 85.0 76.8 75.8 73.8 48.8 32.9 49.1 62.5 65.3 60.9 34.6 13.3 22.9 34.0 41.8 59.3 74.2 82.9 75.4 59.1 44.5 35.1 31.5 55.5 74.6 76.2 75.1 54.6 28.5 47.0 50.1 30.3 16.4 4.9 6.8 10.1 10.3 10.1 24.2 46.6 77.8 92.2 79.6 68.8 60.8 60.6
87.2 92.3 82.6 62.6 45.6 35.8 29.8 24.6 43.4 66.9 61.9 59.8 74.0 92.5 94.5 81.3 77.4 82.3 87.4 91.4 80.9 68.1 55.4 56.1 66.2 74.7 77.8 69.0 75.9 71.3 54.8 39.0 29.4 35.3 45.0 49.2 39.0 19.7 13.9 34.0 53.6 52.5 52.6 69.7 73.0 51.9 40.6 32.5 31.4 50.0 62.0 72.4 64.6 44.0 30.7 38.4 41.2 21.9 8.6 3.9 1.9 3.7 5.8 9.6 28.4 47.4 71.1 83.4 76.0 66.0 56.8 57.2
78.8 87.4 69.6 55.0 43.0 30.9 25.9 26.2 49.4 60.1 50.7 53.2 61.2 76.7 87.6 76.7 71.7 76.3 76.2 79.4 85.8 86.2 73.4 59.7 62.5 66.3 64.0 52.2 54.8 58.8 50.7 49.7 35.5 25.9 26.1 25.8 28.7 19.5 12.1 24.8 41.1 47.5 49.1 64.1 72.8 57.7 35.7 32.9 39.0 61.1 67.6 65.4 54.9 42.8 39.0 37.4 34.1 18.2 6.4 2.7 3.8 5.6 7.2 19.3 47.0 66.6 70.7 79.0 77.6 60.4 61.2 64.4
66.8 59.3 51.9 41.8 31.5 26.6 23.1 27.7 45.7 53.4 48.8 49.7 59.3 68.9 85.5 81.4 63.7 61.9 61.6 59.8 79.6 91.1 76.5 66.3 60.5 52.6 46.8 44.3 53.4 58.1 42.0 40.7 41.4 37.4 35.8 29.1 21.0 13.8 12.0 11.7 21.7 37.9 42.3 43.6 57.0 44.4 29.8 54.3 62.7 62.6 51.9 52.6 62.9 61.2 55.7 27.1 12.8 12.3 5.6 2.1 3.8 6.0 8.7 19.7 40.9 59.0 70.0 72.9 62.8 55.2 65.5 64.2
56.9 48.0 49.0 37.0 29.0 27.1 25.2 32.2 48.8 51.0 43.3 50.9 57.0 64.2 74.8 79.3 77.0 61.3 53.1 59.5 66.4 74.1 78.3 82.4 81.1 60.4 43.2 41.8 42.8 41.1 30.9 25.7 29.9 25.8 20.1 22.7 24.6 16.8 11.2 10.4 13.9 27.1 38.0 42.6 47.2 33.5 25.7 45.0 51.8 39.5 42.3 64.0 68.3 64.7 49.4 26.8 11.0 3.9 2.1 0.7 3.5 5.2 6.8 19.8 45.3 45.3 53.4 57.1 47.3 54.0 53.4 52.0
57.5 56.4 50.5 36.9 26.8 22.0 24.1 36.7 48.4 46.4 37.1 45.5 51.3 50.9 58.1 71.5 66.1 58.6 53.1 44.5 52.0 72.9 65.5 58.1 66.1 57.8 60.9 70.1 61.4 39.8 29.4 33.0 42.4 49.4 41.2 32.1 21.1 11.9 9.5 8.3 7.3 11.4 24.1 32.4 37.9 32.6 23.8 29.9 47.9 51.8 53.1 58.3 57.0 58.4 46.8 36.5 23.7 11.1 4.8 -9999.0 2.7 2.1 10.9 20.4 24.8 48.1 65.8 59.8 47.1 53.9 53.2 51.1
